Compiled on 11.26.25
 Rk Team                W-L     BCS     AP      CO      Comp  (Pts)   A  B  C  M  S  W
  1 Ohio State         11-0   0.9843  0.994    0.999    0.960 (96)    23 25 23 25 25 23 
  2 Indiana            11-0   0.9537  0.962    0.949    0.950 (95)    24 23 24 24 22 25 
  3 Texas A&M          11-0   0.9133  0.922    0.928    0.890 (89)    0  24 25 21 20 24 
  4 Georgia            10-1   0.8667  0.875    0.875    0.850 (85)    20 22 22 22 21 20 
  5 Oregon             10-1   0.8113  0.804    0.820    0.810 (81)    19 20 14 23 23 19 
  6 Mississippi        10-1   0.8003  0.800    0.801    0.800 (80)    21 21 20 18 16 21 
  7 Texas Tech         10-1   0.7513  0.785    0.769    0.700 (70)    18 17 18 16 18 17 
  8 Oklahoma            9-2   0.6937  0.708    0.703    0.670 (67)    17 19 15 17 15 18 
  9 Notre Dame          9-2   0.6693  0.677    0.681    0.650 (65)    14 14 16 20 24 15 
 10 Alabama             9-2   0.6653  0.640    0.636    0.720 (72)    16 18 19 19 19 16 
 11 BYU                10-1   0.6513  0.615    0.599    0.740 (74)    22 16 21 15 6  22 
 12 Utah                9-2   0.4970  0.490    0.491    0.510 (51)    13 12 12 13 13 13 
 13 Vanderbilt          9-2   0.4923  0.531    0.526    0.420 (42)    11 15 5  8  12 11 
 14 Miami               9-2   0.4637  0.515    0.496    0.380 (38)    8  11 10 9  17 7  
 15 Michigan            9-2   0.4353  0.402    0.434    0.470 (47)    15 8  13 12 4  14 
 16 Texas               8-3   0.4007  0.392    0.390    0.420 (42)    6  13 1  14 11 12 
 17 USC                 8-3   0.3033  0.281    0.199    0.430 (43)    12 10 17 11 10 10 
 18 Tennessee           8-3   0.2747  0.287    0.317    0.220 (22)    4  7  0  10 9  2  
 19 Virginia            9-2   0.2517  0.337    0.338    0.080 (8)     5  0  7  0  0  3  
 20 North Texas        10-1   0.1747  0.175    0.159    0.190 (19)    9  2  9  0  0  8  
 21 Tulane              9-2   0.1477  0.155    0.118    0.170 (17)    10 0  8  0  0  9  
 22 James Madison      10-1   0.1357  0.201    0.166    0.040 (4)     0  0  6  0  0  4  
 23 Georgia Tech        9-2   0.1220  0.138    0.218    0.010 (1)     1  0  11 0  0  0  
 24 Pittsburgh          8-3   0.0683  0.105    0.100    0.000 (0)     0  4  0  0  0  0  
 25 Arizona State       8-3   0.0650  0.000    0.055    0.140 (14)    7  6  0  2  0  6  
 26 SMU                 8-3   0.0607  0.073    0.069    0.040 (4)     0  3  0  1  8  0  
 27 Washington          8-3   0.0417  0.010    0.025    0.090 (9)     2  0  0  7  7  0  
 28 Navy                8-2   0.0380  0.027    0.037    0.050 (5)     3  0  2  0  0  5  
 29 Missouri            7-4   0.0347  0.014    0.020    0.070 (7)     0  5  0  4  3  0  
 30 Iowa                7-4   0.0253  0.006    0.020    0.050 (5)     0  0  0  6  5  0  
 31 LSU                 7-4   0.0167  0.000    0.000    0.050 (5)     0  9  0  5  0  0  
 32 Penn State          5-6   0.0110  0.000    0.003    0.030 (3)     0  0  0  3  14 0  
 33 Arizona             8-3   0.0103  0.012    0.019    0.000 (0)     0  1  0  0  0  0  
 34 San Diego State     9-2   0.0060  0.000    0.018    0.000 (0)     0  0  0  0  0  0  
 35 Houston             8-3   0.0047  0.000    0.014    0.000 (0)     0  0  3  0  0  0  
 36 UNLV                9-2   0.0017  0.004    0.001    0.000 (0)     0  0  0  0  0  0  
 37 Connecticut         9-3   0.0017  0.002    0.003    0.000 (0)     0  0  0  0  0  0  
 38 Illinois            7-4   0.0013  0.001    0.003    0.000 (0)     0  0  4  0  0  0  
 39 South Florida       8-3   0.0007  0.002    0.000    0.000 (0)     0  0  0  0  0  1  
 40 Wake Forest         8-3   0.0003  0.001    0.000    0.000 (0)     0  0  0  0  0  0  
-------------
BCS Formula:
	BCS Rating consists of three, equally weighted parts
		Percentage of possible AP points gotten
		Percentage of possible Coaches Poll points gotten
		Percentage of possible computer poll points gotten, after dropping high/low rating
-------------
Abbreviations:
	A - Anderson & Hester
	B - Richard Billingsley
	C - Colley
	M - Kenneth Massey
	S - Jeff Sagarin
	W - Peter Wolfe