NHL Standings - 3 Points
================================================================================

--------------------------------------------------------------------------------
Pacific                GP    W   OW   OL    L    GD   Pts
--------------------------------------------------------------------------------
Anaheim                62   20   15    3   24    -6    93
Vegas                  63   21    8   14   20     6    93
SEATTLE                61   23    6    9   23    -6    90
Edmonton               63   22    8    8   25     7    90
San Jose               60   18   12    5   25   -22    83
Los Angeles            61   16    9   14   22   -22    80
Calgary                61   20    4    7   30   -35    75
Vancouver              62   13    6    7   36   -70    58

--------------------------------------------------------------------------------
Central                GP    W   OW   OL    L    GD   Pts
--------------------------------------------------------------------------------
Colorado               61   38    4    9   10    82   131
Dallas                 62   31    7   10   14    46   117
Minnesota              63   24   13   10   16    31   108
Utah                   62   26    7    4   25    27    96
Nashville              62   21    7    8   26   -28    85
Winnipeg               61   21    4   10   26   -12    81
St. Louis              62   22    2    9   29   -50    79
Chicago                62   18    5   10   29   -35    74

--------------------------------------------------------------------------------
Metropolitan           GP    W   OW   OL    L    GD   Pts
--------------------------------------------------------------------------------
Carolina               62   30   10    6   16    42   116
Pittsburgh             61   27    4   13   17    25   102
NY Islanders           63   23   12    5   23     4    98
Washington             63   26    5    7   25    10    95
Columbus               61   22   10    8   21     3    94
Philadelphia           61   19    9   11   22   -14    86
New Jersey             62   20   11    2   29   -26    84
NY Rangers             61   15    9    8   29   -26    71

--------------------------------------------------------------------------------
Atlantic               GP    W   OW   OL    L    GD   Pts
--------------------------------------------------------------------------------
Buffalo                62   31    6    6   19    30   111
Tampa Bay              60   29    9    4   18    49   109
Detroit                63   24   11    7   21    -4   101
Boston                 61   26    8    5   22    11    99
Montreal               61   22   11   10   18    12    98
Ottawa                 61   24    6    9   22    11    93
Florida                63   25    6    3   29   -19    90
Toronto                63   19    8   11   25   -21    84

